                              ---- PUFF/ Old SLUG end ---------
YYYYJJJHH   ipnum cd   zfnl   x(metG)   y(metG)    sigyB    sigzB          QM          QU   zimax  rflctn    dpbl jdstab   Length
200200101       1  1   50.0   41.7833  193.5824   1998.5    334.7  1.0838E+03  0.0000E+00   735.6   735.6   735.6   4
200200101       2  1   50.0   62.5700  147.4253   1903.3    296.6  8.0972E+02  0.0000E+00   529.7   529.7   529.7   4
200200101       3  1   50.0   91.0474   92.0778   1555.7    219.6  1.7648E+03  0.0000E+00   266.7   266.7   266.7   4
200200101       4  1   50.0   79.7636  118.1943   1792.3    265.3  1.5226E+03  0.0000E+00   374.4   374.4   374.4   4
200200101       5  1   50.0  160.5354   38.6589    299.3     97.6  9.6366E+02  0.0000E+00    52.3    52.3    52.3   4
200200101       6  1   50.0   56.5670  147.8392   1938.4    309.1  7.7320E+02  0.0000E+00   604.3   604.3   604.3   4
200200101       7  1   50.0   95.6084   83.9959   1346.1    193.3  3.2011E+03  0.0000E+00   211.9   211.9   211.9   4
200200101       8  1   50.0   73.5679  146.1856   1526.0    215.3  3.8007E+03  0.0000E+00   227.7   227.7   227.7   4
200200101       9  1   50.0   80.6951  153.2928   1178.1    177.7  1.2914E+03  0.0000E+00    83.7    83.7    83.7   4
200200101      10  1   50.0  156.5542   39.0533    249.7     87.8  1.2760E+03  0.0000E+00    50.0    50.0    50.0   4
200200102       1  1   50.0   31.9308  210.3249   3798.5    532.5  9.4096E+02  0.0000E+00   988.8   988.8   988.8   4
200200102       2  1   50.0   55.8108  158.4728   3703.3    449.0  7.3271E+02  0.0000E+00   594.3   594.3   594.3   4
200200102       3  1   50.0   87.6113   98.7703   3355.7    338.5  1.6452E+03  0.0000E+00   323.6   323.6   323.6   4
200200102       4  1   50.0   76.3336  128.2891   3592.3    404.3  1.3972E+03  0.0000E+00   442.6   442.6   442.6   4
200200102       5  2   50.0  159.4412   37.8860    669.7     97.6  9.4458E+02  0.0000E+00    57.0    57.0    57.0   4
200200102       6  1   50.0   49.6111  160.2512   3738.4    469.6  6.9000E+02  0.0000E+00   704.7   704.7   704.7   4
200200102       7  1   50.0   92.4571   89.0641   3146.1    301.1  2.9917E+03  0.0000E+00   262.5   262.5   262.5   4
200200102       8  1   50.0   69.3040  153.0177   3326.0    342.7  3.5167E+03  0.0000E+00   294.3   294.3   294.3   4
200200102       9  2   50.0   77.6025  156.3376   2978.1    177.7  1.2206E+03  0.0000E+00    83.7    83.7   180.3   6
200200102      10  2   50.0  155.3582   38.5441    514.2     87.8  1.2494E+03  0.0000E+00    53.9    53.9    53.9   4
200200103       1  1   50.0   20.8003  231.6820   5598.5    706.9  8.2895E+02  0.0000E+00  1228.7  1228.7  1228.7   4
200200103       2  1   50.0   45.8041  170.7905   5503.3    585.5  6.6513E+02  0.0000E+00   816.7   816.7   816.7   4
200200103       3  1   50.0   83.3357  106.6558   5155.7    439.8  1.5367E+03  0.0000E+00   412.7   412.7   412.7   4
200200103       4  1   50.0   71.6819  139.4268   5392.3    519.9  1.2903E+03  0.0000E+00   524.7   524.7   524.7   4
200200103       5  2   50.0  158.0384   37.2036   2469.7     97.6  9.2619E+02  0.0000E+00    68.2    68.2    68.2   4
200200103       6  1   50.0   40.2691  174.0400   5538.4    607.5  6.2332E+02  0.0000E+00   881.3   881.3   881.3   4
200200103       7  1   50.0   89.0429   94.9756   4946.1    387.7  2.8036E+03  0.0000E+00   303.0   303.0   303.0   4
200200103       8  1   50.0   62.6026  160.7814   5126.0    455.7  3.2941E+03  0.0000E+00   448.1   448.1   448.1   4
200200103       9  2   50.0   74.4391  158.9705   4778.1    177.7  1.2044E+03  0.0000E+00   334.6   334.6   334.6   4
200200103      10  2   50.0  153.8552   38.0476   2140.2     87.8  1.2251E+03  0.0000E+00    71.3    71.3    71.3   4
200200104       1  1   50.0   13.7370  257.4763   7398.5    861.6  7.3415E+02  0.0000E+00  1370.1  1370.1  1370.1   4
200200104       2  1   50.0   34.6924  186.0443   7303.3    716.0  6.0214E+02  0.0000E+00  1027.0  1027.0  1027.0   4
200200104       3  1   50.0   77.4725  116.1485   6955.7    540.8  1.4209E+03  0.0000E+00   546.6   546.6   546.6   4
200200104       4  1   50.0   64.8739  151.4846   7192.3    627.8  1.1866E+03  0.0000E+00   580.7   580.7   580.7   4
200200104       5  2   50.0  156.2782   36.7183   4269.7     97.6  9.0811E+02  0.0000E+00    78.8    78.8    78.8   4
200200104       6  1   50.0   30.4695  190.5546   7338.4    736.3  5.6422E+02  0.0000E+00  1042.6  1042.6  1042.6   4
200200104       7  1   50.0   83.2381  101.3223   6746.1    475.6  2.6301E+03  0.0000E+00   432.2   432.2   432.2   4
200200104       8  1   50.0   51.4169  170.2718   6926.0    581.6  3.0242E+03  0.0000E+00   735.0   735.0   735.0   4
200200104       9  2   50.0   68.1335  163.1509   6578.1    177.7  1.1864E+03  0.0000E+00   376.6   376.6   376.6   4
200200104      10  2   50.0  152.0823   37.7481   3940.2     87.8  1.2010E+03  0.0000E+00    79.4    79.4    79.4   4
200200105       1  1   50.0   10.6599  283.4375   9198.5    990.7  6.5726E+02  0.0000E+00  1346.4  1346.4  1346.4   4
200200105       2  1   50.0   27.2683  204.7276   9103.3    833.6  5.4544E+02  0.0000E+00  1096.8  1096.8  1096.8   4
200200105       3  1   50.0   71.4576  126.9206   8755.7    634.8  1.3180E+03  0.0000E+00   595.0   595.0   595.0   4
200200105       4  1   50.0   56.3068  164.1969   8992.3    729.6  1.0948E+03  0.0000E+00   658.7   658.7   658.7   4
200200105       5  6   50.0  154.5306   36.4918   6069.7     97.6  8.5865E+02  3.2411E+01    78.8    76.0    76.0   4
200200105       6  1   50.0   23.1483  209.9817   9138.4    854.7  5.1189E+02  0.0000E+00  1129.6  1129.6  1129.6   4
200200105       7  1   50.0   77.0391  110.3358   8546.1    568.9  2.4441E+03  0.0000E+00   535.2   535.2   535.2   4
200200105       8  1   50.0   38.7840  183.9995   8726.0    711.4  2.7455E+03  0.0000E+00   985.5   985.5   985.5   4
200200105       9  2   50.0   58.8555  167.8997   8378.1    177.7  1.1702E+03  0.0000E+00   519.8   519.8   519.8   4
200200105      10  6   50.0  150.3142   37.6538   5740.2     87.8  1.1448E+03  3.3257E+01    79.4    77.2    77.2   4
200200106       2  1   50.0   20.0239  226.1058  10903.3    949.2  4.9581E+02  0.0000E+00  1222.8  1222.8  1222.8   4
200200106       3  1   50.0   66.3842  139.5858  10555.7    725.2  1.2236E+03  0.0000E+00   652.3   652.3   652.3   4
200200106       4  1   50.0   46.6361  177.7039  10792.3    826.5  1.0146E+03  0.0000E+00   812.3   812.3   812.3   4
200200106       5  2   50.0  152.6655   36.5134   7869.7     97.6  8.7358E+02  0.0000E+00    79.4    79.4    79.4   4
200200106       6  1   50.0   15.9510  232.1485  10938.4    971.4  4.6497E+02  0.0000E+00  1269.4  1269.4  1269.4   4
200200106       7  1   50.0   72.4407  121.4293  10346.1    656.8  2.2675E+03  0.0000E+00   540.2   540.2   540.2   4
200200106       8  1   50.0   30.8420  202.7476  10526.0    831.0  2.4885E+03  0.0000E+00  1095.6  1095.6  1095.6   4
200200106       9  2   50.0   47.0332  178.6068  10178.1    177.7  1.1505E+03  0.0000E+00   803.5   803.5   803.5   4
200200106      10  6   50.0  148.4945   37.7420   7540.2     87.8  1.1258E+03  3.0049E+01    79.4    77.4    77.4   4
200200107       2  1   50.0   15.0580  250.8968  12703.3   1064.4  4.4883E+02  0.0000E+00  1405.3  1405.3  1405.3   4
200200107       3  1   50.0   63.0859  153.7627  12355.7    811.1  1.1362E+03  0.0000E+00   652.3   652.3   570.9   4
200200107       4  1   50.0   40.7595  195.4439  12592.3    923.8  9.2744E+02  0.0000E+00   941.6   941.6   941.6   4
200200107       5  2   50.0  150.7112   36.7273   9669.7     97.6  8.5642E+02  0.0000E+00    81.4    81.4    81.4   4
200200107       6  1   50.0   11.6771  257.3678  12738.4   1085.6  4.2016E+02  0.0000E+00  1433.0  1433.0  1433.0   4
200200107       7  1   50.0   68.5702  133.4991  12146.1    738.7  2.1121E+03  0.0000E+00   552.0   552.0   552.0   4
200200107       8  1   50.0   24.8772  224.2795  12326.0    945.8  2.2609E+03  0.0000E+00  1180.7  1180.7  1180.7   4
200200107       9  2   50.0   39.9766  196.3648  11978.1    177.7  1.1276E+03  0.0000E+00   929.9   929.9   929.9   4
200200107      10  2   50.0  146.5617   37.9638   9340.2     87.8  1.1335E+03  0.0000E+00    80.0    80.0    80.0   4
200200108       2  1   50.0   13.0499  277.2478  14503.3   1173.3  4.0526E+02  0.0000E+00  1476.3  1476.3  1476.3   4
200200108       3  1   50.0   57.9590  166.4623  14155.7    884.6  1.0691E+03  0.0000E+00   652.3   652.3   525.2   4
200200108       4  1   50.0   36.5644  215.9619  14392.3   1022.4  8.4778E+02  0.0000E+00   995.7   995.7   995.7   4
200200108       5  6   50.0  148.8360   36.9994  11469.7     97.6  7.7889E+02  4.2449E+01    81.4    77.2    77.2   4
200200108       6  1   50.0    9.7866  283.5959  14538.4   1192.2  3.7949E+02  0.0000E+00  1473.0  1473.0  1473.0   4
200200108       7  1   50.0   66.3626  147.2819  13946.1    820.0  1.9444E+03  0.0000E+00   593.2   593.2   593.2   4
200200108       8  1   50.0   20.2738  249.2043  14126.0   1061.7  2.0441E+03  0.0000E+00  1413.8  1413.8  1413.8   4
200200108       9  2   50.0   35.5198  217.1498  13778.1    177.7  1.1045E+03  0.0000E+00  1021.6  1021.6  1021.6   4
200200108      10  2   50.0  144.5455   38.1677  11140.2     87.8  1.0873E+03  0.0000E+00    82.5    82.5    82.5   4
200200109       3  1   50.0   51.2553  180.1979  15955.7    960.4  9.7130E+02  0.0000E+00   721.1   721.1   721.1   4
200200109       4  1   50.0   32.8321  240.0334  16192.3   1126.8  7.6782E+02  0.0000E+00  1261.5  1261.5  1261.5   4
200200109       5  6   50.0  146.8757   37.1189  13269.7     97.6  7.5483E+02  3.2323E+01    81.4    78.1    78.1   4
200200109       7  1   50.0   62.9819  160.3584  15746.1    891.9  1.7654E+03  0.0000E+00   593.2   593.2   509.2   4
200200109       8  1   50.0   18.2297  276.6126  15926.0   1175.0  1.8252E+03  0.0000E+00  1463.9  1463.9  1463.9   4
200200109       9  2   50.0   31.4013  241.7798  15578.1    177.7  1.0727E+03  0.0000E+00  1281.4  1281.4  1281.4   4
200200109      10  2   50.0  142.3385   38.1721  12940.2     87.8  1.0445E+03  0.0000E+00    93.5    93.5    93.5   4
200200110       3  1   50.0   45.7726  197.5898  17755.7   1043.9  8.7422E+02  0.0000E+00   854.8   854.8   854.8   4
200200110       4  1   50.0   31.5835  267.5871  17992.3   1234.7  6.8741E+02  0.0000E+00  1261.5  1261.5  1127.5   4
200200110       5  2   50.0  144.9062   37.1391  15069.7     97.6  7.5557E+02  0.0000E+00    85.6    85.6    85.6   4
200200110       7  1   50.0   56.6460  172.4166  17546.1    959.1  1.6104E+03  0.0000E+00   614.3   614.3   614.3   4
200200110       9  6   50.0   30.8043  269.6712  17378.1    177.7  9.3129E+02  1.0504E+02  1281.4  1154.0  1154.0   4
200200110      10  2   50.0  139.8475   38.3566  14740.2     87.8  1.0051E+03  0.0000E+00   105.8   105.8   105.8   4
