                                        CALPUFF        Version: 5.8            Level: 070623      
 **********************************************************************************************************************************

 CALPUFF test case run - 3 point sources                                         
 24-Hour Simulation using CALMET met. data                                       
 Gridded receptors on 17x17 20-km met grid                                       
 
                             -----------------------
                               Hourly Mass Balance
                                      (g)
                             -----------------------
 
                                        Advected                    Wet          Dry         Domain       Domain       Domain   
 Yr  Day Hr   Species      Emitted        Out      Transformed   Depletion    Depletion       Total       Surface       Aloft   
 
2002   2  1 SO2           3.02177E+05  6.23915E+03 -6.03751E+02  0.00000E+00  3.68333E+04  2.58501E+05  2.58501E+05  0.00000E+00
2002   2  1 SO4           0.00000E+00  2.39118E+01  9.05628E+02  0.00000E+00  1.72530E+00  8.79991E+02  8.79991E+02  0.00000E+00
2002   2  1 NOX           5.01904E+05  1.28159E+04 -9.93837E+03  0.00000E+00  2.73140E+02  4.78877E+05  4.78877E+05  0.00000E+00
2002   2  1 HNO3          0.00000E+00  2.76500E+02  1.36112E+04  0.00000E+00  1.66914E+03  1.16656E+04  1.16656E+04  0.00000E+00
2002   2  1 NO3           0.00000E+00  0.00000E+00  0.00000E+00  0.00000E+00  0.00000E+00  0.00000E+00  0.00000E+00  0.00000E+00
2002   2  1 PM10          4.44607E+04  1.12589E+03  0.00000E+00  0.00000E+00  2.18187E+02  4.31166E+04  4.31166E+04  0.00000E+00
2002   2  1 NH3           5.52094E+02  1.44115E+01  0.00000E+00  0.00000E+00  0.00000E+00  5.37682E+02  5.37682E+02  0.00000E+00
2002   2  2 SO2           3.02177E+05  9.16084E+03 -1.12024E+03  0.00000E+00  5.36286E+04  4.96768E+05  4.96321E+05  4.47179E+02
2002   2  2 SO4           0.00000E+00  4.52837E+01  1.68036E+03  0.00000E+00  4.39623E+00  2.51067E+03  2.50788E+03  2.78513E+00
2002   2  2 NOX           5.01904E+05  1.90895E+04 -1.94208E+04  0.00000E+00  1.49798E+03  9.40773E+05  9.40000E+05  7.73505E+02
2002   2  2 HNO3          0.00000E+00  4.45801E+02  1.72670E+04  0.00000E+00  2.75188E+03  2.57350E+04  2.57049E+04  3.00663E+01
2002   2  2 NO3           0.00000E+00  1.26020E+02  9.18286E+03  0.00000E+00  1.50711E+01  9.04177E+03  9.03029E+03  1.14822E+01
2002   2  2 PM10          4.44607E+04  1.68714E+03  0.00000E+00  0.00000E+00  3.67773E+02  8.55224E+04  8.54540E+04  6.83464E+01
2002   2  2 NH3           5.52094E+02  2.16173E+01  0.00000E+00  0.00000E+00  0.00000E+00  1.06816E+03  1.06727E+03  8.84436E-01
2002   2  3 SO2           3.02177E+05  2.85763E+03 -1.59630E+03  0.00000E+00  6.30372E+04  7.31454E+05  7.30801E+05  6.52231E+02
2002   2  3 SO4           0.00000E+00  2.15592E+01  2.39445E+03  0.00000E+00  6.94083E+00  4.87662E+03  4.87252E+03  4.09219E+00
2002   2  3 NOX           5.01904E+05  6.27328E+03 -2.85669E+04  0.00000E+00  3.58174E+03  1.40426E+06  1.40311E+06  1.14453E+03
2002   2  3 HNO3          0.00000E+00  1.12935E+02  2.20794E+04  0.00000E+00  3.64863E+03  4.40528E+04  4.40092E+04  4.36145E+01
2002   2  3 NO3           0.00000E+00  1.85861E+02  1.67743E+04  0.00000E+00  3.52534E+01  2.55950E+04  2.55775E+04  1.74232E+01
2002   2  3 PM10          4.44607E+04  5.61001E+02  0.00000E+00  0.00000E+00  4.85617E+02  1.28936E+05  1.28835E+05  1.01071E+02
2002   2  3 NH3           5.52094E+02  7.20576E+00  0.00000E+00  0.00000E+00  0.00000E+00  1.61305E+03  1.61174E+03  1.30877E+00
2002   2  4 SO2           3.02177E+05  8.79290E+03 -2.06520E+03  0.00000E+00  7.12711E+04  9.51502E+05  9.51502E+05  0.00000E+00
2002   2  4 SO4           0.00000E+00  6.52777E+01  3.09780E+03  0.00000E+00  1.09664E+01  7.89817E+03  7.89817E+03  0.00000E+00
2002   2  4 NOX           5.01904E+05  1.88323E+04 -3.77445E+04  0.00000E+00  6.50369E+03  1.84308E+06  1.84308E+06  0.00000E+00
2002   2  4 HNO3          0.00000E+00  2.08126E+02  2.41317E+04  0.00000E+00  4.42061E+03  6.35558E+04  6.35558E+04  0.00000E+00
2002   2  4 NO3           0.00000E+00  7.12325E+02  2.71243E+04  0.00000E+00  7.18424E+01  5.19351E+04  5.19351E+04  0.00000E+00
2002   2  4 PM10          4.44607E+04  1.68442E+03  0.00000E+00  0.00000E+00  6.13397E+02  1.71099E+05  1.71099E+05  0.00000E+00
2002   2  4 NH3           5.52094E+02  2.16173E+01  0.00000E+00  0.00000E+00  0.00000E+00  2.14352E+03  2.14352E+03  0.00000E+00
2002   2  5 SO2           3.02177E+05  1.27662E+04 -2.50486E+03  0.00000E+00  7.79812E+04  1.16043E+06  1.15955E+06  8.73778E+02
2002   2  5 SO4           0.00000E+00  1.39515E+02  3.75729E+03  0.00000E+00  1.43045E+01  1.15016E+04  1.14921E+04  9.57515E+00
2002   2  5 NOX           5.01904E+05  2.81752E+04 -4.64338E+04  0.00000E+00  8.63360E+03  2.26174E+06  2.26015E+06  1.59314E+03
2002   2  5 HNO3          0.00000E+00  1.12376E+03  3.28182E+04  0.00000E+00  5.62248E+03  8.96277E+04  8.95229E+04  1.04846E+02
2002   2  5 NO3           0.00000E+00  9.58922E+02  3.02874E+04  0.00000E+00  9.90583E+01  8.11646E+04  8.11278E+04  3.67860E+01
2002   2  5 PM10          4.44607E+04  2.56710E+03  0.00000E+00  0.00000E+00  7.12790E+02  2.12280E+05  2.12135E+05  1.45137E+02
2002   2  5 NH3           5.52094E+02  3.29898E+01  0.00000E+00  0.00000E+00  0.00000E+00  2.66263E+03  2.66075E+03  1.87481E+00
2002   2  6 SO2           3.02177E+05  9.09267E+03 -2.92229E+03  0.00000E+00  8.28175E+04  1.36777E+06  1.36373E+06  4.03731E+03
2002   2  6 SO4           0.00000E+00  6.60707E+01  4.38344E+03  0.00000E+00  1.80607E+01  1.58009E+04  1.57326E+04  6.83762E+01
2002   2  6 NOX           5.01904E+05  1.88342E+04 -5.47238E+04  0.00000E+00  9.95258E+03  2.68014E+06  2.67297E+06  7.16578E+03
2002   2  6 HNO3          0.00000E+00  2.18360E+02  6.91416E+04  0.00000E+00  7.72496E+03  1.50826E+05  1.50232E+05  5.94275E+02
2002   2  6 NO3           0.00000E+00  7.14483E+02  5.71408E+03  0.00000E+00  9.52797E+01  8.60689E+04  8.56558E+04  4.13094E+02
2002   2  6 PM10          4.44607E+04  1.68598E+03  0.00000E+00  0.00000E+00  7.84330E+02  2.54271E+05  2.53585E+05  6.85622E+02
2002   2  6 NH3           5.52094E+02  2.16173E+01  0.00000E+00  0.00000E+00  0.00000E+00  3.19311E+03  3.18426E+03  8.84664E+00
2002   2  7 SO2           3.02177E+05  1.41752E+04 -3.33657E+03  0.00000E+00  8.69637E+04  1.56547E+06  1.55915E+06  6.32757E+03
2002   2  7 SO4           0.00000E+00  1.87547E+02  5.00485E+03  0.00000E+00  2.30142E+01  2.05952E+04  2.04672E+04  1.28012E+02
2002   2  7 NOX           5.01904E+05  3.11164E+04 -6.30086E+04  0.00000E+00  1.29809E+04  3.07494E+06  3.06383E+06  1.11088E+04
2002   2  7 HNO3          0.00000E+00  1.21604E+03  5.20082E+04  0.00000E+00  8.96699E+03  1.92651E+05  1.91508E+05  1.14315E+03
2002   2  7 NO3           0.00000E+00  1.67475E+03  3.37420E+04  0.00000E+00  1.31089E+02  1.18005E+05  1.17275E+05  7.30453E+02
2002   2  7 PM10          4.44607E+04  2.87573E+03  0.00000E+00  0.00000E+00  8.95431E+02  2.94960E+05  2.93866E+05  1.09437E+03
2002   2  7 NH3           5.52094E+02  3.69896E+01  0.00000E+00  0.00000E+00  0.00000E+00  3.70821E+03  3.69419E+03  1.40178E+01
2002   2  8 SO2           3.02177E+05  1.48363E+04 -1.38101E+04  0.00000E+00  8.91907E+04  1.74981E+06  1.74021E+06  9.60411E+03
2002   2  8 SO4           0.00000E+00  2.06400E+02  2.07151E+04  0.00000E+00  4.49473E+01  4.10590E+04  4.07040E+04  3.55020E+02
2002   2  8 NOX           5.01904E+05  3.18314E+04 -2.25263E+05  0.00000E+00  1.30422E+04  3.30670E+06  3.29009E+06  1.66154E+04
2002   2  8 HNO3          0.00000E+00  1.33578E+03  7.34991E+04  0.00000E+00  1.00409E+04  2.54774E+05  2.52426E+05  2.34766E+03
2002   2  8 NO3           0.00000E+00  1.77547E+03  4.72779E+04  0.00000E+00  1.55269E+02  1.63352E+05  1.62579E+05  7.72884E+02
2002   2  8 PM10          4.44607E+04  2.95809E+03  0.00000E+00  0.00000E+00  9.36800E+02  3.35526E+05  3.33776E+05  1.74932E+03
2002   2  8 NH3           5.52094E+02  3.80316E+01  0.00000E+00  0.00000E+00  0.00000E+00  4.22227E+03  4.19987E+03  2.24029E+01
2002   2  9 SO2           3.02177E+05  1.20984E+04 -4.94676E+04  0.00000E+00  9.01145E+04  1.90031E+06  1.88637E+06  1.39426E+04
2002   2  9 SO4           0.00000E+00  7.30042E+02  7.42014E+04  0.00000E+00  1.20556E+02  1.14410E+05  1.13389E+05  1.02120E+03
2002   2  9 NOX           5.01904E+05  2.20224E+04 -6.17793E+05  0.00000E+00  1.43654E+04  3.15443E+06  3.13094E+06  2.34870E+04
2002   2  9 HNO3          0.00000E+00  8.09447E+02  1.35372E+05  0.00000E+00  1.49106E+04  3.74426E+05  3.70204E+05  4.22149E+03
2002   2  9 NO3           0.00000E+00  3.55018E+03  5.27995E+04  0.00000E+00  1.99343E+02  2.12402E+05  2.10282E+05  2.12019E+03
2002   2  9 PM10          4.44607E+04  2.50436E+03  0.00000E+00  0.00000E+00  1.01564E+03  3.76466E+05  3.73620E+05  2.84626E+03
2002   2  9 NH3           5.52094E+02  3.23280E+01  0.00000E+00  0.00000E+00  0.00000E+00  4.74204E+03  4.70507E+03  3.69791E+01
2002   2 10 SO2           3.02177E+05  1.54339E+04 -5.06562E+04  0.00000E+00  9.23430E+04  2.04405E+06  2.01818E+06  2.58724E+04
2002   2 10 SO4           0.00000E+00  1.54079E+03  7.59843E+04  0.00000E+00  1.93261E+02  1.88660E+05  1.85809E+05  2.85108E+03
2002   2 10 NOX           5.01904E+05  2.48883E+04 -5.91887E+05  0.00000E+00  1.62651E+04  3.02329E+06  2.98734E+06  3.59467E+04
2002   2 10 HNO3          0.00000E+00  2.67149E+03  1.79560E+05  0.00000E+00  1.98425E+04  5.31472E+05  5.20923E+05  1.05489E+04
2002   2 10 NO3           0.00000E+00  2.85619E+03  1.71946E+03  0.00000E+00  2.03293E+02  2.11062E+05  2.09284E+05  1.77851E+03
2002   2 10 PM10          4.44607E+04  3.26542E+03  0.00000E+00  0.00000E+00  1.13756E+03  4.16524E+05  4.11362E+05  5.16198E+03
2002   2 10 NH3           5.52094E+02  4.20313E+01  0.00000E+00  0.00000E+00  0.00000E+00  5.25211E+03  5.18536E+03  6.67510E+01
2002   2 11 SO2           3.02177E+05  1.58295E+04 -4.71436E+04  0.00000E+00  9.33930E+04  2.18986E+06  2.11507E+06  7.47924E+04
2002   2 11 SO4           0.00000E+00  1.90804E+03  7.07154E+04  0.00000E+00  2.56901E+02  2.57211E+05  2.46678E+05  1.05324E+04
2002   2 11 NOX           5.01904E+05  2.11068E+04 -5.65950E+05  0.00000E+00  1.72299E+04  2.92091E+06  2.82631E+06  9.45983E+04
2002   2 11 HNO3          0.00000E+00  3.12145E+03  2.49035E+05  0.00000E+00  2.64744E+04  7.50911E+05  7.15322E+05  3.55891E+04
2002   2 11 NO3           0.00000E+00  3.61665E+03 -7.40159E+04  0.00000E+00  1.25129E+02  1.33304E+05  1.28359E+05  4.94518E+03
2002   2 11 PM10          4.44607E+04  3.25200E+03  0.00000E+00  0.00000E+00  1.20957E+03  4.56523E+05  4.39742E+05  1.67816E+04
2002   2 11 NH3           5.52094E+02  4.21171E+01  0.00000E+00  0.00000E+00  0.00000E+00  5.76208E+03  5.55888E+03  2.03207E+02
2002   2 12 SO2           3.02177E+05  9.79247E+03 -5.13867E+04  0.00000E+00  9.21112E+04  2.33875E+06  2.19416E+06  1.44586E+05
2002   2 12 SO4           0.00000E+00  1.25254E+03  7.70799E+04  0.00000E+00  3.13478E+02  3.32724E+05  3.10025E+05  2.26999E+04
2002   2 12 NOX           5.01904E+05  1.29378E+04 -5.43178E+05  0.00000E+00  1.94868E+04  2.84721E+06  2.68370E+06  1.63506E+05
2002   2 12 HNO3          0.00000E+00  2.42045E+03  8.53735E+04  0.00000E+00  2.66617E+04  8.07202E+05  7.36660E+05  7.05420E+04
2002   2 12 NO3           0.00000E+00  1.42712E+03  8.08954E+04  0.00000E+00  1.97126E+02  2.12576E+05  2.03336E+05  9.24018E+03
2002   2 12 PM10          4.44607E+04  2.05880E+03  0.00000E+00  0.00000E+00  1.23277E+03  4.97692E+05  4.64124E+05  3.35682E+04
2002   2 12 NH3           5.52094E+02  2.64925E+01  0.00000E+00  0.00000E+00  0.00000E+00  6.28769E+03  5.89230E+03  3.95391E+02
2002   2 13 SO2           3.02177E+05  6.04199E+03 -4.89598E+04  0.00000E+00  9.13934E+04  2.49453E+06  2.30091E+06  1.93618E+05
2002   2 13 SO4           0.00000E+00  1.00713E+03  7.34398E+04  0.00000E+00  3.51331E+02  4.04806E+05  3.69768E+05  3.50380E+04
2002   2 13 NOX           5.01904E+05  7.18904E+03 -5.29727E+05  0.00000E+00  2.02653E+04  2.79193E+06  2.59791E+06  1.94025E+05
2002   2 13 HNO3          0.00000E+00  2.22978E+03  2.08342E+05  0.00000E+00  3.20252E+04  9.81290E+05  8.81536E+05  9.97533E+04
2002   2 13 NO3           0.00000E+00  9.19813E+02 -4.30679E+04  0.00000E+00  1.37453E+02  1.68451E+05  1.54001E+05  1.44496E+04
2002   2 13 PM10          4.44607E+04  1.38200E+03  0.00000E+00  0.00000E+00  1.23137E+03  5.39540E+05  4.94777E+05  4.47631E+04
2002   2 13 NH3           5.52094E+02  1.78721E+01  0.00000E+00  0.00000E+00  0.00000E+00  6.82192E+03  6.28018E+03  5.41733E+02
2002   2 14 SO2           3.02177E+05  1.69061E+04 -5.69767E+04  0.00000E+00  8.81972E+04  2.63463E+06  2.38261E+06  2.52018E+05
2002   2 14 SO4           0.00000E+00  3.04830E+03  8.54650E+04  0.00000E+00  3.89737E+02  4.86833E+05  4.30615E+05  5.62184E+04
2002   2 14 NOX           5.01904E+05  1.72140E+04 -5.24519E+05  0.00000E+00  1.87174E+04  2.73339E+06  2.51611E+06  2.17276E+05
2002   2 14 HNO3          0.00000E+00  6.81650E+03  9.13371E+04  0.00000E+00  3.16756E+04  1.03413E+06  9.03475E+05  1.30660E+05
2002   2 14 NO3           0.00000E+00  2.61005E+03  7.15846E+04  0.00000E+00  1.83958E+02  2.37241E+05  2.00812E+05  3.64288E+04
2002   2 14 PM10          4.44607E+04  3.75544E+03  0.00000E+00  0.00000E+00  1.22102E+03  5.79024E+05  5.19468E+05  5.95561E+04
2002   2 14 NH3           5.52094E+02  4.87814E+01  0.00000E+00  0.00000E+00  0.00000E+00  7.32523E+03  6.58562E+03  7.39610E+02
2002   2 15 SO2           3.02177E+05  1.38636E+04 -5.68175E+04  0.00000E+00  8.45300E+04  2.78160E+06  2.43942E+06  3.42175E+05
2002   2 15 SO4           0.00000E+00  2.36633E+03  8.52262E+04  0.00000E+00  4.20959E+02  5.69272E+05  4.83712E+05  8.55596E+04
2002   2 15 NOX           5.01904E+05  1.38562E+04 -5.29920E+05  0.00000E+00  1.72521E+04  2.67426E+06  2.40510E+06  2.69165E+05
2002   2 15 HNO3          0.00000E+00  5.62132E+03  2.17036E+05  0.00000E+00  3.43523E+04  1.21120E+06  1.02295E+06  1.88250E+05
2002   2 15 NO3           0.00000E+00  1.27234E+03 -4.94370E+04  0.00000E+00  1.31852E+02  1.86400E+05  1.47897E+05  3.85032E+04
2002   2 15 PM10          4.44607E+04  2.93074E+03  0.00000E+00  0.00000E+00  1.19366E+03  6.19360E+05  5.38679E+05  8.06815E+04
2002   2 15 NH3           5.52094E+02  3.79089E+01  0.00000E+00  0.00000E+00  0.00000E+00  7.83941E+03  6.83049E+03  1.00892E+03
2002   2 16 SO2           3.02177E+05  7.46906E+02 -6.30196E+04  0.00000E+00  8.13411E+04  2.93866E+06  2.46645E+06  4.72217E+05
2002   2 16 SO4           0.00000E+00  2.25276E+02  9.45294E+04  0.00000E+00  4.68942E+02  6.63107E+05  5.32578E+05  1.30529E+05
2002   2 16 NOX           5.01904E+05  4.73517E+02 -5.01338E+05  0.00000E+00  1.52470E+04  2.65911E+06  2.32548E+06  3.33630E+05
2002   2 16 HNO3          0.00000E+00  4.79061E+02  3.27554E+04  0.00000E+00  3.14414E+04  1.21203E+06  9.64132E+05  2.47900E+05
2002   2 16 NO3           0.00000E+00  1.96718E+02  1.22988E+05  0.00000E+00  2.11650E+02  3.08980E+05  2.37632E+05  7.13476E+04
2002   2 16 PM10          4.44607E+04  2.03948E+02  0.00000E+00  0.00000E+00  1.20279E+03  6.62414E+05  5.49839E+05  1.12575E+05
2002   2 16 NH3           5.52094E+02  2.66688E+00  0.00000E+00  0.00000E+00  0.00000E+00  8.38884E+03  6.96982E+03  1.41902E+03
2002   2 17 SO2           3.02177E+05  1.25596E+04 -6.97845E+04  0.00000E+00  7.02795E+04  3.08822E+06  2.12188E+06  9.66341E+05
2002   2 17 SO4           0.00000E+00  3.16233E+03  1.04677E+05  0.00000E+00  4.91537E+02  7.64130E+05  4.72885E+05  2.91245E+05
2002   2 17 NOX           5.01904E+05  1.04964E+04 -4.70219E+05  0.00000E+00  9.15165E+03  2.67114E+06  2.05015E+06  6.20995E+05
2002   2 17 HNO3          0.00000E+00  2.94021E+03  8.40197E+03  0.00000E+00  1.98701E+04  1.19762E+06  7.30285E+05  4.67339E+05
2002   2 17 NO3           0.00000E+00  4.74432E+03  1.38099E+05  0.00000E+00  2.61813E+02  4.42072E+05  2.60532E+05  1.81540E+05
2002   2 17 PM10          4.44607E+04  2.98707E+03  0.00000E+00  0.00000E+00  1.10298E+03  7.02785E+05  4.66567E+05  2.36218E+05
2002   2 17 NH3           5.52094E+02  3.87003E+01  0.00000E+00  0.00000E+00  0.00000E+00  8.90222E+03  5.93341E+03  2.96881E+03
2002   2 18 SO2           3.02177E+05  2.84609E+03 -6.77403E+03  0.00000E+00  7.02006E+04  3.31057E+06  2.29327E+06  1.01731E+06
2002   2 18 SO4           0.00000E+00  5.00139E+02  1.01611E+04  0.00000E+00  4.79747E+02  7.73310E+05  4.62539E+05  3.10771E+05
2002   2 18 NOX           5.01904E+05  2.67424E+03 -6.28306E+04  0.00000E+00  9.72366E+03  3.09782E+06  2.44284E+06  6.54981E+05
2002   2 18 HNO3          0.00000E+00  6.70303E+02 -3.55707E+04  0.00000E+00  1.69246E+04  1.14446E+06  6.85669E+05  4.58790E+05
2002   2 18 NO3           0.00000E+00  4.49613E+02  1.19691E+05  0.00000E+00  3.34076E+02  5.60980E+05  3.22412E+05  2.38567E+05
2002   2 18 PM10          4.44607E+04  5.60356E+02  0.00000E+00  0.00000E+00  1.15878E+03  7.45527E+05  4.95256E+05  2.50271E+05
2002   2 18 NH3           5.52094E+02  7.20576E+00  0.00000E+00  0.00000E+00  0.00000E+00  9.44711E+03  6.30178E+03  3.14533E+03
2002   2 19 SO2           3.02177E+05  5.54592E+03 -7.21830E+03  0.00000E+00  7.20526E+04  3.52793E+06  2.35025E+06  1.17769E+06
2002   2 19 SO4           0.00000E+00  1.22700E+03  1.08275E+04  0.00000E+00  4.91040E+02  7.82420E+05  4.30890E+05  3.51530E+05
2002   2 19 NOX           5.01904E+05  4.87144E+03 -7.12793E+04  0.00000E+00  1.24606E+04  3.51111E+06  2.72544E+06  7.85672E+05
2002   2 19 HNO3          0.00000E+00  9.40081E+02 -3.01403E+05  0.00000E+00  1.23884E+04  8.29727E+05  4.59678E+05  3.70049E+05
2002   2 19 NO3           0.00000E+00  2.47647E+03  3.92691E+05  0.00000E+00  5.73128E+02  9.50620E+05  5.17212E+05  4.33409E+05
2002   2 19 PM10          4.44607E+04  1.24004E+03  0.00000E+00  0.00000E+00  1.25665E+03  7.87490E+05  4.98355E+05  2.89135E+05
2002   2 19 NH3           5.52094E+02  1.61222E+01  0.00000E+00  0.00000E+00  0.00000E+00  9.98309E+03  6.35546E+03  3.62763E+03
2002   2 20 SO2           3.02177E+05  6.14592E+03 -7.65259E+03  0.00000E+00  7.09736E+04  3.74534E+06  2.44698E+06  1.29836E+06
2002   2 20 SO4           0.00000E+00  1.42418E+03  1.14789E+04  0.00000E+00  4.84653E+02  7.91990E+05  4.13103E+05  3.78887E+05
2002   2 20 NOX           5.01904E+05  4.69025E+03 -7.94631E+04  0.00000E+00  1.22996E+04  3.91656E+06  2.98912E+06  9.27448E+05
2002   2 20 HNO3          0.00000E+00  1.90118E+03 -4.95278E+04  0.00000E+00  1.04993E+04  7.67799E+05  4.14193E+05  3.53606E+05
2002   2 20 NO3           0.00000E+00  2.38459E+03  1.55844E+05  0.00000E+00  6.69022E+02  1.10341E+06  5.80805E+05  5.22607E+05
2002   2 20 PM10          4.44607E+04  1.40495E+03  0.00000E+00  0.00000E+00  1.26125E+03  8.29285E+05  5.12681E+05  3.16604E+05
2002   2 20 NH3           5.52094E+02  1.84988E+01  0.00000E+00  0.00000E+00  0.00000E+00  1.05167E+04  6.54341E+03  3.97327E+03
2002   2 21 SO2           3.02177E+05  1.13972E+04 -8.08697E+03  0.00000E+00  7.00300E+04  3.95800E+06  2.54617E+06  1.41183E+06
2002   2 21 SO4           0.00000E+00  2.64200E+03  1.21304E+04  0.00000E+00  4.98488E+02  8.00980E+05  4.04086E+05  3.96894E+05
2002   2 21 NOX           5.01904E+05  1.00225E+04 -8.74915E+04  0.00000E+00  1.25132E+04  4.30844E+06  3.21950E+06  1.08894E+06
2002   2 21 HNO3          0.00000E+00  8.61329E+02 -1.42409E+04  0.00000E+00  1.00130E+04  7.42683E+05  3.99293E+05  3.43390E+05
2002   2 21 NO3           0.00000E+00  6.70952E+03  1.31938E+05  0.00000E+00  7.79438E+02  1.22786E+06  6.36331E+05  5.91529E+05
2002   2 21 PM10          4.44607E+04  2.57185E+03  0.00000E+00  0.00000E+00  1.32115E+03  8.69853E+05  5.29684E+05  3.40168E+05
2002   2 21 NH3           5.52094E+02  3.33677E+01  0.00000E+00  0.00000E+00  0.00000E+00  1.10354E+04  6.76472E+03  4.27069E+03
2002   2 22 SO2           3.02177E+05  1.33536E+04 -8.51187E+03  0.00000E+00  6.74588E+04  4.17086E+06  2.61755E+06  1.55331E+06
2002   2 22 SO4           0.00000E+00  3.11944E+03  1.27678E+04  0.00000E+00  5.02120E+02  8.10127E+05  4.00760E+05  4.09367E+05
2002   2 22 NOX           5.01904E+05  1.25429E+04 -9.52512E+04  0.00000E+00  1.17922E+04  4.69076E+06  3.37343E+06  1.31733E+06
2002   2 22 HNO3          0.00000E+00  2.09032E+03  3.35698E+04  0.00000E+00  9.61083E+03  7.64552E+05  4.13436E+05  3.51115E+05
2002   2 22 NO3           0.00000E+00  6.80369E+03  9.53451E+04  0.00000E+00  8.53312E+02  1.31555E+06  6.64079E+05  6.51470E+05
2002   2 22 PM10          4.44607E+04  2.82092E+03  0.00000E+00  0.00000E+00  1.35012E+03  9.10142E+05  5.42033E+05  3.68108E+05
2002   2 22 NH3           5.52094E+02  3.71186E+01  0.00000E+00  0.00000E+00  0.00000E+00  1.15504E+04  6.93089E+03  4.61950E+03
2002   2 23 SO2           3.02177E+05  2.09686E+04 -8.93714E+03  0.00000E+00  6.98298E+04  4.37329E+06  2.71009E+06  1.66320E+06
2002   2 23 SO4           0.00000E+00  4.49384E+03  1.34057E+04  0.00000E+00  4.75381E+02  8.18564E+05  3.79797E+05  4.38767E+05
2002   2 23 NOX           5.01904E+05  2.06846E+04 -1.02822E+05  0.00000E+00  1.33603E+04  5.05580E+06  3.62219E+06  1.43361E+06
2002   2 23 HNO3          0.00000E+00  2.37967E+03  5.18704E+04  0.00000E+00  9.44198E+03  8.04600E+05  4.22357E+05  3.82243E+05
2002   2 23 NO3           0.00000E+00  1.24780E+04  8.75385E+04  0.00000E+00  8.86238E+02  1.38972E+06  6.73275E+05  7.16448E+05
2002   2 23 PM10          4.44607E+04  4.80171E+03  0.00000E+00  0.00000E+00  1.36841E+03  9.48432E+05  5.53661E+05  3.94772E+05
2002   2 23 NH3           5.52094E+02  6.38231E+01  0.00000E+00  0.00000E+00  0.00000E+00  1.20387E+04  7.07508E+03  4.96358E+03
2002   3  0 SO2           3.02177E+05  2.69138E+04 -9.34162E+03  0.00000E+00  7.49445E+04  4.56427E+06  2.86532E+06  1.69895E+06
2002   3  0 SO4           0.00000E+00  4.30531E+03  1.40124E+04  0.00000E+00  4.58931E+02  8.27811E+05  3.70734E+05  4.57077E+05
2002   3  0 NOX           5.01904E+05  3.33748E+04 -1.10050E+05  0.00000E+00  1.51150E+04  5.39917E+06  3.94398E+06  1.45519E+06
2002   3  0 HNO3          0.00000E+00  5.58931E+03  6.74195E+04  0.00000E+00  9.21064E+03  8.57220E+05  4.20260E+05  4.36961E+05
2002   3  0 NO3           0.00000E+00  1.02702E+04  8.19788E+04  0.00000E+00  9.47016E+02  1.46048E+06  7.34474E+05  7.26009E+05
2002   3  0 PM10          4.44607E+04  5.75214E+03  0.00000E+00  0.00000E+00  1.47281E+03  9.85668E+05  5.79424E+05  4.06244E+05
2002   3  0 NH3           5.52094E+02  7.50315E+01  0.00000E+00  0.00000E+00  0.00000E+00  1.25157E+04  7.39966E+03  5.11607E+03
